movie,comment_count,negative,positive,sentiment_score,total_words,avg_sentiment,gross,log_gross
Nefarious,1,0,1,1,1,1,5433685,15.508128098940759
Broker,4,1,4,3,5,0.6,1001892,13.81740077038665
The Wandering Earth II,6,1,3,2,4,0.5,3444487,15.05228553987559
Sound of Freedom,9,2,5,3,7,0.42857142857142855,184177725,19.031411746134296
Freelance,9,1,10,9,11,0.8181818181818182,5314136,15.485880997748211
Lost in the Stars,9,3,1,-2,4,-0.5,1721446,14.358675193275701
Jules,15,3,14,11,17,0.6470588235294118,1924922,14.470396005402566
The Lost King,16,2,7,5,9,0.5555555555555556,1189307,13.988881342513201
Anatomy of a Fall,20,10,11,1,21,0.047619047619047616,3742039,15.13514120799596
Creation of the Gods I: Kingdom of Storms,20,4,14,10,18,0.5555555555555556,1686246,14.338015314373788
Waitress: The Musical,21,4,15,11,19,0.5789473684210527,5402148,15.502307210219675
Moving On,22,11,10,-1,21,-0.047619047619047616,2136832,14.5748349163303
The Hill,25,3,10,7,13,0.5384615384615384,7665865,15.8522879145406
Skinamarink,25,41,22,-19,63,-0.30158730158730157,2052272,14.534458030094582
Mafia Mamma,31,20,23,3,43,0.06976744186046512,3496761,15.067347669414826
Camp Hideout,33,8,12,4,20,0.2,1125010,13.93330248247004
Saltburn,35,27,60,33,87,0.3793103448275862,11256512,16.236457363593324
The Holdovers,36,18,37,19,55,0.34545454545454546,18208655,16.717407588459768
Golda,38,17,36,19,53,0.3584905660377358,4801781,15.384497448725849
The Quiet Girl,38,25,58,33,83,0.39759036144578314,1500014,14.220984999362216
After Death,39,82,50,-32,132,-0.24242424242424243,11477621,16.25590969741544
The Covenant,40,17,41,24,58,0.41379310344827586,16938039,16.645072478976086
Radical,41,3,13,10,16,0.625,8636299,15.97148469252791
Journey to Bethlehem,43,17,80,63,97,0.6494845360824743,6816475,15.734853034030262
Missing,44,18,38,20,56,0.35714285714285715,32502025,17.29681295305123
Plane,44,27,31,4,58,0.06896551724137931,32111181,17.284714845208708
Poor Things,44,23,47,24,70,0.34285714285714286,10269036,16.144643711871044
The First Slam Dunk,48,5,21,16,26,0.6153846153846154,1291869,14.071600564995192
Billie Eilish Live at the O2,48,11,42,31,53,0.5849056603773585,1290000,14.070152776337855
The Blind,49,18,70,52,88,0.5909090909090909,17265487,16.664220095764332
The Miracle Club,49,4,40,36,44,0.8181818181818182,2377438,14.681533995248822
Talk to Me,50,27,55,28,82,0.34146341463414637,48299436,17.692930441535992
Close,50,29,70,41,99,0.41414141414141414,1100113,13.910923459765241
The Boy and the Heron,52,24,88,64,112,0.5714285714285714,35846555,17.39475802555289
Champions,52,20,41,21,61,0.3442622950819672,16397335,16.612629379589873
Jesus Revolution,53,36,75,39,111,0.35135135135135137,52102987,17.768732837133918
Pathaan,53,16,12,-4,28,-0.14285714285714285,17487476,16.67699552554607
The Iron Claw,53,51,77,26,128,0.203125,15964922,16.585904498431642
Marlowe,53,17,40,23,57,0.40350877192982454,4350243,15.285742263573605
A Good Person,53,14,52,38,66,0.5757575757575758,2210465,14.608713458601256
Past Lives,54,46,112,66,158,0.4177215189873418,11031696,16.21628314187545
Book Club: The Next Chapter,55,10,62,52,72,0.7222222222222222,17581565,16.68236146787459
Ferrari,56,34,32,-2,66,-0.030303030303030304,10778480,16.193062111648143
Left Behind: Rise of the Antichrist,57,39,74,35,113,0.30973451327433627,3649422,15.11007935685463
BlackBerry,59,28,52,24,80,0.3,1476598,14.20525135114333
Evil Dead Rise,60,87,60,-27,147,-0.1836734693877551,67233054,18.023675559562523
Infinity Pool,60,22,56,34,78,0.4358974358974359,5078400,15.440506809314227
A Thousand and One,60,23,54,31,77,0.4025974025974026,3400020,15.03929187192203
Operation Fortune: Ruse de Guerre,61,10,31,21,41,0.5121951219512195,6496125,15.686716403249351
The Marsh King's Daughter,61,16,29,13,45,0.28888888888888886,1792905,14.399347767357588
Anyone But You,62,36,68,32,104,0.3076923076923077,24837385,17.02786053573587
Priscilla,62,44,73,29,117,0.24786324786324787,20900492,16.85528325732782
Salaar,62,15,43,28,58,0.4827586206896552,8268997,15.928023777903416
Wish,63,67,89,22,156,0.14102564102564102,60609147,17.919956380243217
Thanksgiving,63,41,52,11,93,0.11827956989247312,31800773,17.275001155631067
Knights of the Zodiac,63,17,81,64,98,0.6530612244897959,1090155,13.901830445930466
Dumb Money,64,25,31,6,56,0.10714285714285714,13925356,16.44922190898045
Sisu,64,39,48,9,87,0.10344827586206896,7265622,15.798664467288647
American Fiction,64,37,86,49,123,0.3983739837398374,1655483,14.319603367115747
Mission: Impossible - Dead Reckoning Part One,65,37,89,52,126,0.4126984126984127,172135383,18.963791835633856
Retribution,65,37,37,0,74,0,6937696,15.752480288889991
Aquaman and the Lost Kingdom,66,38,23,-15,61,-0.2459016393442623,76469713,18.15240531190757
Joy Ride,66,31,56,25,87,0.28735632183908044,12897789,16.372566459293203
Bottoms,66,17,34,17,51,0.3333333333333333,12036071,16.303418615684432
Maybe I Do,66,18,49,31,67,0.4626865671641791,1293722,14.073033893249537
The Pope's Exorcist,67,54,61,7,115,0.06086956521739131,20009380,16.81171172157214
Big George Foreman,67,32,100,68,132,0.5151515151515151,5426772,15.506855040001591
Winnie-the-Pooh: Blood and Honey,67,54,49,-5,103,-0.04854368932038835,1750639,14.37549142210841
Air,68,11,79,68,90,0.7555555555555555,52460106,17.775563552988075
A Haunting in Venice,68,22,73,51,95,0.5368421052631579,42471412,17.564341748734666
Taylor Swift: The Eras Tour,69,19,111,92,130,0.7076923076923077,179817571,19.00745340047727
Indiana Jones and the Dial of Destiny,69,39,80,41,119,0.3445378151260504,174480468,18.977323362109896
The Nun II,69,29,72,43,101,0.42574257425742573,86267073,18.272958542112743
Saw X,69,41,81,40,122,0.32786885245901637,53607898,17.797206965932244
80 for Brady,69,27,74,47,101,0.46534653465346537,39330588,17.487513094715762
Kandahar,69,15,34,19,49,0.3877551020408163,4813132,15.386858573631171
Come Out in Jesus Name,69,29,92,63,121,0.5206611570247934,2500574,14.732030863484383
Eileen,69,15,30,15,45,0.3333333333333333,1425273,14.169873932283354
The Marvels,70,22,54,32,76,0.42105263157894735,84479155,18.252015375504776
Knock at the Cabin,70,56,74,18,130,0.13846153846153847,35397980,17.382165314329004
The Blackening,70,53,52,-1,105,-0.009523809523809525,17707207,16.689482289812
Animal,70,36,41,5,77,0.06493506493506493,14772820,16.508299563839074
Somewhere in Queens,70,11,35,24,46,0.5217391304347826,1802442,14.404652970092327
Guardians of the Galaxy Vol. 3,71,24,66,42,90,0.4666666666666667,358995815,19.69882128900299
The Little Mermaid,71,18,90,72,108,0.6666666666666666,298172056,19.51318124698377
Transformers: Rise of the Beasts,71,25,67,42,92,0.45652173913043476,157066392,18.872179152905357
The Boogeyman,71,46,56,10,102,0.09803921568627451,43244282,17.582375574509417
The Creator,71,30,85,55,115,0.4782608695652174,40774679,17.523571833969488
Theater Camp,71,8,61,53,69,0.7681159420289855,4009945,15.204288083477968
John Wick: Chapter 4,72,43,96,53,139,0.381294964028777,187131806,19.047323771452128
Scream VI,72,121,90,-31,211,-0.14691943127962084,108161389,18.49913501226227
Fast X,73,18,95,77,113,0.6814159292035398,146126015,18.799979923840166
M3GAN,73,54,51,-3,105,-0.02857142857142857,95159005,18.371059787270386
Meg 2: The Trench,73,56,95,39,151,0.2582781456953642,82600317,18.22952407625624
Insidious: The Red Door,73,56,92,36,148,0.24324324324324326,82156962,18.224142146269962
The Last Voyage of the Demeter,73,43,45,2,88,0.022727272727272728,13637180,16.428310444136887
Silent Night,73,42,120,78,162,0.48148148148148145,7996185,15.894475110903066
Beau Is Afraid,73,64,109,45,173,0.26011560693641617,7740323,15.861953975961335
Polite Society,73,24,72,48,96,0.5,1595585,14.282750998116857
Elemental,74,34,139,105,173,0.6069364161849711,154426697,18.855230088639168
Five Nights at Freddy's,74,51,102,51,153,0.3333333333333333,137275620,18.737501287600526
Blue Beetle,74,21,131,110,152,0.7236842105263158,72488072,18.09893258215139
No Hard Feelings,74,35,58,23,93,0.24731182795698925,50452282,17.73653853664478
Strays,74,45,39,-6,84,-0.07142857142857142,23988885,16.993101156036715
The Expendables 4,74,18,74,56,92,0.6086956521739131,16710153,16.631527056723556
Dunki,74,31,98,67,129,0.5193798449612403,7160815,15.78413435927469
Tiger 3,74,19,53,34,72,0.4722222222222222,5365263,15.495455954280652
Barbie,75,43,101,58,144,0.4027777777777778,636225983,20.271064377375875
Ant-Man and the Wasp: Quantumania,75,36,85,49,121,0.4049586776859504,214504909,19.183843181851355
Wonka,75,34,114,80,148,0.5405405405405406,133129902,18.706835916285243
The Flash,75,26,57,31,83,0.37349397590361444,108133313,18.498875403497948
The Equalizer 3,75,47,96,49,143,0.34265734265734266,92373751,18.341353416166942
The Exorcist: Believer,75,99,104,5,203,0.024630541871921183,65537395,17.99813145372546
Cocaine Bear,75,40,71,31,111,0.27927927927927926,64670240,17.9848116845648
Napoleon,75,54,43,-11,97,-0.1134020618556701,60512228,17.91835601828092
65,75,33,73,40,106,0.37735849056603776,32062904,17.28321028120574
Asteroid City,75,24,84,60,108,0.5555555555555556,28153025,17.153165366812082
The Shift,75,23,24,1,47,0.02127659574468085,11925234,16.294167217187667
Everything Everywhere All at Once,75,81,147,66,228,0.2894736842105263,7183197,15.787255106547486
The Hunger Games: The Ballad of Songbirds & Snakes,76,60,101,41,161,0.2546583850931677,159719625,18.888930492297785
Teenage Mutant Ninja Turtles: Mutant Mayhem,77,45,103,58,148,0.3918918918918919,118613586,18.591381591086922
Godzilla Minus One,77,113,98,-15,211,-0.07109004739336493,45580412,17.634988620793177
"Are You There God? It's Me, Margaret.",77,46,106,60,152,0.39473684210526316,20372406,16.82969189610279
Chevalier,77,31,132,101,163,0.6196319018404908,3541159,15.079964632655846
Spider-Man: Across the Spider-Verse,78,45,119,74,164,0.45121951219512196,381311319,19.75912670967437
Gran Turismo,78,32,83,51,115,0.4434782608695652,44428554,17.60939292880516
Titanic25 Year Anniversary,78,34,83,49,117,0.4188034188034188,15033795,16.52581122486764
The Amazing Maurice,78,36,72,36,108,0.3333333333333333,4303645,15.27497289600934
Dicks: The Musical,78,36,24,-12,60,-0.2,1453012,14.189149201293265
The Boys in the Boat,79,27,98,71,125,0.568,21998472,16.906483554365057
Tu Jhoothi Main Makkaar,79,13,70,57,83,0.6867469879518072,2503604,14.73324185173072
Magic Mike's Last Dance,80,13,95,82,108,0.7592592592592593,26005156,17.073805384017692
Suzume,80,36,86,50,122,0.4098360655737705,10932037,16.20720821058346
Demon Slayer: Kimetsu No Yaiba - To the Swordsmith Village,80,34,35,1,69,0.014492753623188406,10117806,16.129807399900447
Oppenheimer,81,72,135,63,207,0.30434782608695654,326101370,19.60271884191601
Dungeons & Dragons: Honor Among Thieves,81,68,115,47,183,0.2568306010928962,93277026,18.35108439755391
Dream Scenario,81,57,98,41,155,0.2645161290322581,5615011,15.540954105191052
Women Talking,81,44,80,36,124,0.2903225806451613,5321627,15.487289641629932
Creed III,82,84,94,10,178,0.056179775280898875,156248615,18.8669589825415
Love Again,82,30,132,102,162,0.6296296296296297,6230837,15.645021231659237
Shazam! Fury of the Gods,84,40,116,76,156,0.48717948717948717,57638006,17.869692734465286
The Machine,84,39,40,1,79,0.012658227848101266,10458331,16.16290944364052
You Hurt My Feelings,84,18,63,45,81,0.5555555555555556,4830788,15.39052015931966
What Happens Later,84,17,106,89,123,0.7235772357723578,3273895,15.001490965537604
My Big Fat Greek Wedding 3,85,37,91,54,128,0.421875,28496030,17.165275337290364
House Party,85,30,36,6,66,0.09090909090909091,9002247,16.012984770805623
Fear,85,85,48,-37,133,-0.2781954887218045,1735359,14.366724866385358
The Big Lebowski,85,24,45,21,69,0.30434782608695654,1266945,14.052119048732006
Renfield,86,43,82,39,125,0.312,17297895,16.666095375764268
Next Goal Wins,86,24,64,40,88,0.45454545454545453,6713826,15.719679540189867
The Retirement Plan,86,45,77,32,122,0.26229508196721313,1607344,14.290093685283642
Inside,86,71,58,-13,129,-0.10077519379844961,918415,13.730404637166675
Renaissance: A Film by Beyoncé,87,12,91,79,103,0.7669902912621359,33223373,17.318764192214818
It Lives Inside,87,64,77,13,141,0.09219858156028368,4675092,15.357759399655677
Showing Up,87,23,80,57,103,0.5533980582524272,972074,13.787187212231949
The Color Purple,88,23,125,102,148,0.6891891891891891,44047642,17.60078237883422
About My Father,88,27,70,43,97,0.44329896907216493,12089391,16.307838849113818
Avatar: The Way of Water,89,44,155,111,199,0.5577889447236181,283067859,19.46119721131611
A Man Called Otto,90,108,177,69,285,0.24210526315789474,64228358,17.977955384529185
The Menu,90,54,120,66,174,0.3793103448275862,2779574,14.837808236514697
Black Panther: Wakanda Forever,91,61,120,59,181,0.3259668508287293,17329414,16.667915846925037
BTS: Yet to Come in Cinemas,91,9,32,23,41,0.5609756097560976,6350496,15.66404347805465
Ponniyin Selvan: Part Two,91,16,40,24,56,0.42857142857142855,3813000,15.1539268388397
Babylon,92,48,103,55,151,0.36423841059602646,6268558,15.65105690210768
The Chosen Season 3 Finale,92,21,135,114,156,0.7307692307692307,5525069,15.52480629397789
Violent Night,92,80,113,33,193,0.17098445595854922,3278955,15.003035332036365
The Banshees of Inisherin,92,82,151,69,233,0.296137339055794,1555301,14.257179653995218
Tár,92,43,135,92,178,0.5168539325842697,1193875,13.992714877337038
The Fabelmans,93,24,153,129,177,0.7288135593220338,5541550,15.527784802984893
Living,93,20,103,83,123,0.6747967479674797,2984305,14.908877446878765
Emily,93,91,155,64,246,0.2601626016260163,1097067,13.908150813053219
Haunted Mansion,94,52,102,50,154,0.3246753246753247,67653287,18.029906499722944
That Time I Got Reincarnated as a Slime the Movie: Scarlet Bond,94,44,60,16,104,0.15384615384615385,1588491,14.278295066953278
Strange World,94,71,46,-25,117,-0.21367521367521367,1120039,13.928874064093597
The Whale,96,70,185,115,255,0.45098039215686275,12129434,16.311145618660916
Whitney Houston: I Wanna Dance with Somebody,96,48,114,66,162,0.4074074074074074,10451167,16.162224204781094
Hypnotic,99,66,93,27,159,0.16981132075471697,4500169,15.319625509590912
